# transform file /opt/home/aracena/thesis_practica/tips_nibabel/3_recon-all_freesurfer/output/freesurfer/sub-04/mri/transforms/cc_up.lta
# created by aracena on Tue Dec 28 06:59:57 2021

type      = 0 # LINEAR_VOX_TO_VOX
nxforms   = 1
mean      = 125.0000 99.0000 112.0000
sigma     = 10000.0000
1 4 4
9.997240304946899e-01 2.294402755796909e-02 5.059259012341499e-03 3.285971879959106e-01 
-2.294373512268066e-02 9.997368454933167e-01 -1.161103500635363e-04 5.390979385375977e+01 
-5.060591269284487e-03 0.000000000000000e+00 9.999872446060181e-01 2.463600158691406e+01 
0.000000000000000e+00 0.000000000000000e+00 0.000000000000000e+00 1.000000000000000e+00 
src volume info
valid = 1  # volume info valid
filename = /opt/home/aracena/thesis_practica/tips_nibabel/3_recon-all_freesurfer/output/freesurfer/sub-04/mri/norm.mgz
volume = 256 256 256
voxelsize = 1.000000000000000e+00 1.000000000000000e+00 1.000000000000000e+00
xras   = -9.999999403953552e-01 -9.313225746154785e-10 0.000000000000000e+00
yras   = 4.656612873077393e-10 1.622538547962904e-09 -9.999998807907104e-01
zras   = -9.313225746154785e-10 9.999999403953552e-01 -2.364686224609613e-09
cras   = -3.088844299316406e+00 2.120819091796875e-01 -2.319500732421875e+01
dst volume info
valid = 1  # volume info valid
filename = /opt/home/aracena/thesis_practica/tips_nibabel/3_recon-all_freesurfer/output/freesurfer/sub-04/mri/norm.mgz
volume = 256 256 256
voxelsize = 1.000000000000000e+00 1.000000000000000e+00 1.000000000000000e+00
xras   = -9.999999403953552e-01 -9.313225746154785e-10 0.000000000000000e+00
yras   = 4.656612873077393e-10 1.622538547962904e-09 -9.999998807907104e-01
zras   = -9.313225746154785e-10 9.999999403953552e-01 -2.364686224609613e-09
cras   = -3.088844299316406e+00 2.120819091796875e-01 -2.319500732421875e+01
