# transform file transforms/talairach.lta
# created by aracena on Tue Dec 28 02:32:35 2021

type      = 0 # LINEAR_VOX_TO_VOX
nxforms   = 1
mean      = 125.0000 98.0000 111.0000
sigma     = 10000.0000
1 4 4
1.014263153076172e+00 5.568313226103783e-02 -1.406619045883417e-02 -3.804278373718262e+00 
-4.920342192053795e-02 1.070257186889648e+00 8.170004934072495e-02 1.657284736633301e+01 
1.703209057450294e-02 -9.135723114013672e-02 1.053348183631897e+00 1.185899734497070e+00 
0.000000000000000e+00 0.000000000000000e+00 0.000000000000000e+00 1.000000000000000e+00 
src volume info
valid = 1  # volume info valid
filename = nu.mgz
volume = 256 256 256
voxelsize = 1.000000000000000e+00 1.000000000000000e+00 1.000000000000000e+00
xras   = -9.999999403953552e-01 -9.313225746154785e-10 0.000000000000000e+00
yras   = 4.656612873077393e-10 1.622538547962904e-09 -9.999998807907104e-01
zras   = -9.313225746154785e-10 9.999999403953552e-01 -2.364686224609613e-09
cras   = -3.088844299316406e+00 2.120819091796875e-01 -2.319500732421875e+01
dst volume info
valid = 1  # volume info valid
filename = /home/aracena/freesurfer/average/RB_all_2020-01-02.gca
volume = 256 256 256
voxelsize = 1.000000000000000e+00 1.000000000000000e+00 1.000000000000000e+00
xras   = -1.000000000000000e+00 0.000000000000000e+00 0.000000000000000e+00
yras   = 0.000000000000000e+00 0.000000000000000e+00 -1.000000000000000e+00
zras   = 0.000000000000000e+00 1.000000000000000e+00 0.000000000000000e+00
cras   = 0.000000000000000e+00 0.000000000000000e+00 0.000000000000000e+00
