type      = 0 # LINEAR_VOX_TO_VOX
nxforms   = 1
mean      = 0.0000 0.0000 0.0000
sigma     = 1.0000
1 4 4
1.055298924446106e+00 1.031199842691422e-02 1.308699976652861e-02 -6.981811523437500e+00 
-3.363699465990067e-02 1.089325904846191e+00 1.069319918751717e-01 1.062190246582031e+01 
3.112499602138996e-02 -1.033649817109108e-01 1.077277898788452e+00 -2.209106445312500e+00 
0.000000000000000e+00 0.000000000000000e+00 0.000000000000000e+00 1.000000000000000e+00 
src volume info
valid = 1  # volume info valid
filename = /opt/home/aracena/thesis_practica/tips_nibabel/3_recon-all_freesurfer/output/freesurfer/sub-04/mri/orig.mgz
volume = 256 256 256
voxelsize = 1.000000000000000e+00 1.000000000000000e+00 1.000000000000000e+00
xras   = -9.999999403953552e-01 -9.313225746154785e-10 0.000000000000000e+00
yras   = 4.656612873077393e-10 1.622538547962904e-09 -9.999998807907104e-01
zras   = -9.313225746154785e-10 9.999999403953552e-01 -2.364686224609613e-09
cras   = -3.088844299316406e+00 2.120819091796875e-01 -2.319500732421875e+01
dst volume info
valid = 1  # volume info valid
filename = /home/aracena/freesurfer/average/mni305.cor.mgz
volume = 256 256 256
voxelsize = 1.000000000000000e+00 1.000000000000000e+00 1.000000000000000e+00
xras   = -1.000000000000000e+00 0.000000000000000e+00 0.000000000000000e+00
yras   = 0.000000000000000e+00 0.000000000000000e+00 -1.000000000000000e+00
zras   = 0.000000000000000e+00 1.000000000000000e+00 0.000000000000000e+00
cras   = 0.000000000000000e+00 0.000000000000000e+00 0.000000000000000e+00
subject fsaverage
fscale 0.100000
