# transform file transforms/talairach_with_skull.lta
# created by aracena on Tue Dec 28 02:21:30 2021

type      = 0 # LINEAR_VOX_TO_VOX
nxforms   = 1
mean      = 126.0000 136.0000 112.0000
sigma     = 10000.0000
1 4 4
1.027400255203247e+00 1.032123118638992e-01 5.031691119074821e-02 -1.971282768249512e+01 
-1.126139983534813e-01 1.205533504486084e+00 6.614779680967331e-02 1.410058212280273e+01 
-4.252871870994568e-02 -4.657168313860893e-02 1.058655858039856e+00 1.156858921051025e+00 
0.000000000000000e+00 0.000000000000000e+00 0.000000000000000e+00 1.000000000000000e+00 
src volume info
valid = 1  # volume info valid
filename = nu.mgz
volume = 256 256 256
voxelsize = 1.000000000000000e+00 1.000000000000000e+00 1.000000000000000e+00
xras   = -9.999999403953552e-01 -9.313225746154785e-10 0.000000000000000e+00
yras   = 4.656612873077393e-10 1.622538547962904e-09 -9.999998807907104e-01
zras   = -9.313225746154785e-10 9.999999403953552e-01 -2.364686224609613e-09
cras   = -3.088844299316406e+00 2.120819091796875e-01 -2.319500732421875e+01
dst volume info
valid = 1  # volume info valid
filename = /home/aracena/freesurfer/average/RB_all_withskull_2020_01_02.gca
volume = 256 256 256
voxelsize = 1.000000000000000e+00 1.000000000000000e+00 1.000000000000000e+00
xras   = -1.000000000000000e+00 0.000000000000000e+00 0.000000000000000e+00
yras   = 0.000000000000000e+00 0.000000000000000e+00 -1.000000000000000e+00
zras   = 0.000000000000000e+00 1.000000000000000e+00 0.000000000000000e+00
cras   = 0.000000000000000e+00 0.000000000000000e+00 0.000000000000000e+00
