# transform file /opt/home/aracena/thesis_practica/tips_nibabel/3_recon-all_freesurfer/output/freesurfer/sub-01/mri/transforms/cc_up.lta
# created by aracena on Mon Dec 27 20:08:45 2021

type      = 0 # LINEAR_VOX_TO_VOX
nxforms   = 1
mean      = 127.0000 88.0000 112.0000
sigma     = 10000.0000
1 4 4
9.995529651641846e-01 -8.795031346380711e-03 -2.857454307377338e-02 5.703084945678711e+00 
8.791440166532993e-03 9.999613165855408e-01 -2.513237122911960e-04 5.992176055908203e+01 
2.857564948499203e-02 0.000000000000000e+00 9.995915889739990e-01 1.744316482543945e+01 
0.000000000000000e+00 0.000000000000000e+00 0.000000000000000e+00 1.000000000000000e+00 
src volume info
valid = 1  # volume info valid
filename = /opt/home/aracena/thesis_practica/tips_nibabel/3_recon-all_freesurfer/output/freesurfer/sub-01/mri/norm.mgz
volume = 256 256 256
voxelsize = 1.000000000000000e+00 1.000000000000000e+00 1.000000000000000e+00
xras   = -1.000000000000000e+00 1.862645149230957e-09 1.862645149230957e-09
yras   = 0.000000000000000e+00 -3.492459654808044e-10 -1.000000119209290e+00
zras   = -1.862645149230957e-09 1.000000119209290e+00 -2.095475792884827e-09
cras   = -1.177162170410156e+00 -2.636062622070312e+00 -3.720485687255859e+01
dst volume info
valid = 1  # volume info valid
filename = /opt/home/aracena/thesis_practica/tips_nibabel/3_recon-all_freesurfer/output/freesurfer/sub-01/mri/norm.mgz
volume = 256 256 256
voxelsize = 1.000000000000000e+00 1.000000000000000e+00 1.000000000000000e+00
xras   = -1.000000000000000e+00 1.862645149230957e-09 1.862645149230957e-09
yras   = 0.000000000000000e+00 -3.492459654808044e-10 -1.000000119209290e+00
zras   = -1.862645149230957e-09 1.000000119209290e+00 -2.095475792884827e-09
cras   = -1.177162170410156e+00 -2.636062622070312e+00 -3.720485687255859e+01
