type      = 0 # LINEAR_VOX_TO_VOX
nxforms   = 1
mean      = 0.0000 0.0000 0.0000
sigma     = 1.0000
1 4 4
1.057132005691528e+00 3.986000549048185e-03 -2.886600233614445e-02 -2.700149536132812e+00 
-9.177002124488354e-03 1.142875075340271e+00 1.492230147123337e-01 9.859191894531250e+00 
3.685800358653069e-02 -1.365710198879242e-01 1.034943103790283e+00 1.078666687011719e+00 
0.000000000000000e+00 0.000000000000000e+00 0.000000000000000e+00 1.000000000000000e+00 
src volume info
valid = 1  # volume info valid
filename = /opt/home/aracena/thesis_practica/tips_nibabel/3_recon-all_freesurfer/output/freesurfer/sub-01/mri/orig.mgz
volume = 256 256 256
voxelsize = 1.000000000000000e+00 1.000000000000000e+00 1.000000000000000e+00
xras   = -1.000000000000000e+00 1.862645149230957e-09 1.862645149230957e-09
yras   = 0.000000000000000e+00 -3.492459654808044e-10 -1.000000119209290e+00
zras   = -1.862645149230957e-09 1.000000119209290e+00 -2.095475792884827e-09
cras   = -1.177162170410156e+00 -2.636062622070312e+00 -3.720485687255859e+01
dst volume info
valid = 1  # volume info valid
filename = /home/aracena/freesurfer/average/mni305.cor.mgz
volume = 256 256 256
voxelsize = 1.000000000000000e+00 1.000000000000000e+00 1.000000000000000e+00
xras   = -1.000000000000000e+00 0.000000000000000e+00 0.000000000000000e+00
yras   = 0.000000000000000e+00 0.000000000000000e+00 -1.000000000000000e+00
zras   = 0.000000000000000e+00 1.000000000000000e+00 0.000000000000000e+00
cras   = 0.000000000000000e+00 0.000000000000000e+00 0.000000000000000e+00
subject fsaverage
fscale 0.100000
