# transform file transforms/talairach_with_skull.lta
# created by aracena on Mon Dec 27 16:50:45 2021

type      = 0 # LINEAR_VOX_TO_VOX
nxforms   = 1
mean      = 127.0000 133.0000 111.0000
sigma     = 10000.0000
1 4 4
1.016934037208557e+00 -1.079449057579041e-02 -4.912685602903366e-02 4.156065940856934e+00 
1.644140481948853e-02 1.240451931953430e+00 2.256731092929840e-01 -1.081907463073730e+01 
3.790472447872162e-02 -2.050748765468597e-01 1.026311278343201e+00 5.290484428405762e+00 
0.000000000000000e+00 0.000000000000000e+00 0.000000000000000e+00 1.000000000000000e+00 
src volume info
valid = 1  # volume info valid
filename = nu.mgz
volume = 256 256 256
voxelsize = 1.000000000000000e+00 1.000000000000000e+00 1.000000000000000e+00
xras   = -1.000000000000000e+00 1.862645149230957e-09 1.862645149230957e-09
yras   = 0.000000000000000e+00 -3.492459654808044e-10 -1.000000119209290e+00
zras   = -1.862645149230957e-09 1.000000119209290e+00 -2.095475792884827e-09
cras   = -1.177162170410156e+00 -2.636062622070312e+00 -3.720485687255859e+01
dst volume info
valid = 1  # volume info valid
filename = /home/aracena/freesurfer/average/RB_all_withskull_2020_01_02.gca
volume = 256 256 256
voxelsize = 1.000000000000000e+00 1.000000000000000e+00 1.000000000000000e+00
xras   = -1.000000000000000e+00 0.000000000000000e+00 0.000000000000000e+00
yras   = 0.000000000000000e+00 0.000000000000000e+00 -1.000000000000000e+00
zras   = 0.000000000000000e+00 1.000000000000000e+00 0.000000000000000e+00
cras   = 0.000000000000000e+00 0.000000000000000e+00 0.000000000000000e+00
