type      = 1 # LINEAR_RAS_TO_RAS
nxforms   = 1
mean      = 0.0000 0.0000 0.0000
sigma     = 1.0000
1 4 4
1.057132005691528e+00 2.886600047349930e-02 3.986000083386898e-03 4.069500043988228e-02 
-3.685799986124039e-02 1.034942984580994e+00 1.365710049867630e-01 5.540159940719604e-01 
-9.177000261843204e-03 -1.492229998111725e-01 1.142874956130981e+00 -3.956757068634033e+00 
0.000000000000000e+00 0.000000000000000e+00 0.000000000000000e+00 1.000000000000000e+00 
src volume info
valid = 1  # volume info valid
filename = /opt/home/aracena/thesis_practica/tips_nibabel/3_recon-all_freesurfer/output/freesurfer/sub-01/mri/orig_nu.mgz
volume = 256 256 256
voxelsize = 1.000000000000000e+00 1.000000000000000e+00 1.000000000000000e+00
xras   = -1.000000000000000e+00 1.862645149230957e-09 1.862645149230957e-09
yras   = 0.000000000000000e+00 -3.492459654808044e-10 -1.000000119209290e+00
zras   = -1.862645149230957e-09 1.000000119209290e+00 -2.095475792884827e-09
cras   = -1.177162170410156e+00 -2.636062622070312e+00 -3.720485687255859e+01
dst volume info
valid = 1  # volume info valid
filename = /home/aracena/freesurfer/average/mni305.cor.mgz
volume = 256 256 256
voxelsize = 1.000000000000000e+00 1.000000000000000e+00 1.000000000000000e+00
xras   = -1.000000000000000e+00 0.000000000000000e+00 0.000000000000000e+00
yras   = 0.000000000000000e+00 0.000000000000000e+00 -1.000000000000000e+00
zras   = 0.000000000000000e+00 1.000000000000000e+00 0.000000000000000e+00
cras   = 0.000000000000000e+00 0.000000000000000e+00 0.000000000000000e+00
subject fsaverage
fscale 0.100000
