# transform file transforms/talairach.lta
# created by aracena on Mon Dec 27 16:59:23 2021

type      = 0 # LINEAR_VOX_TO_VOX
nxforms   = 1
mean      = 126.0000 88.0000 111.0000
sigma     = 10000.0000
1 4 4
1.016621232032776e+00 -7.198698073625565e-02 -6.612683832645416e-02 1.164830398559570e+01 
7.792202383279800e-02 1.110707283020020e+00 1.513854265213013e-01 -9.731295704841614e-01 
5.695715919137001e-02 -1.029100865125656e-01 9.960827827453613e-01 6.515812873840332e-01 
0.000000000000000e+00 0.000000000000000e+00 0.000000000000000e+00 1.000000000000000e+00 
src volume info
valid = 1  # volume info valid
filename = nu.mgz
volume = 256 256 256
voxelsize = 1.000000000000000e+00 1.000000000000000e+00 1.000000000000000e+00
xras   = -1.000000000000000e+00 1.862645149230957e-09 1.862645149230957e-09
yras   = 0.000000000000000e+00 -3.492459654808044e-10 -1.000000119209290e+00
zras   = -1.862645149230957e-09 1.000000119209290e+00 -2.095475792884827e-09
cras   = -1.177162170410156e+00 -2.636062622070312e+00 -3.720485687255859e+01
dst volume info
valid = 1  # volume info valid
filename = /home/aracena/freesurfer/average/RB_all_2020-01-02.gca
volume = 256 256 256
voxelsize = 1.000000000000000e+00 1.000000000000000e+00 1.000000000000000e+00
xras   = -1.000000000000000e+00 0.000000000000000e+00 0.000000000000000e+00
yras   = 0.000000000000000e+00 0.000000000000000e+00 -1.000000000000000e+00
zras   = 0.000000000000000e+00 1.000000000000000e+00 0.000000000000000e+00
cras   = 0.000000000000000e+00 0.000000000000000e+00 0.000000000000000e+00
