# transform file /opt/home/aracena/thesis_practica/tips_nibabel/3_recon-all_freesurfer/output/freesurfer/sub-03/mri/transforms/cc_up.lta
# created by aracena on Tue Dec 28 06:56:05 2021

type      = 0 # LINEAR_VOX_TO_VOX
nxforms   = 1
mean      = 130.0000 109.0000 129.0000
sigma     = 10000.0000
1 4 4
9.997059106826782e-01 -1.883318088948727e-02 -1.528259366750717e-02 1.864607572555542e+00 
1.883098110556602e-02 9.998227357864380e-01 -2.878708764910698e-04 4.259049224853516e+01 
1.528530381619930e-02 0.000000000000000e+00 9.998832345008850e-01 1.750333048403263e-02 
0.000000000000000e+00 0.000000000000000e+00 0.000000000000000e+00 1.000000000000000e+00 
src volume info
valid = 1  # volume info valid
filename = /opt/home/aracena/thesis_practica/tips_nibabel/3_recon-all_freesurfer/output/freesurfer/sub-03/mri/norm.mgz
volume = 256 256 256
voxelsize = 1.000000000000000e+00 1.000000000000000e+00 1.000000000000000e+00
xras   = -9.999998807907104e-01 0.000000000000000e+00 -1.862645149230957e-09
yras   = 0.000000000000000e+00 -1.585431164130569e-08 -9.999998807907104e-01
zras   = 0.000000000000000e+00 9.999998807907104e-01 -1.404987415298820e-08
cras   = 2.735900878906250e+00 -1.775125122070312e+01 -1.561380004882812e+01
dst volume info
valid = 1  # volume info valid
filename = /opt/home/aracena/thesis_practica/tips_nibabel/3_recon-all_freesurfer/output/freesurfer/sub-03/mri/norm.mgz
volume = 256 256 256
voxelsize = 1.000000000000000e+00 1.000000000000000e+00 1.000000000000000e+00
xras   = -9.999998807907104e-01 0.000000000000000e+00 -1.862645149230957e-09
yras   = 0.000000000000000e+00 -1.585431164130569e-08 -9.999998807907104e-01
zras   = 0.000000000000000e+00 9.999998807907104e-01 -1.404987415298820e-08
cras   = 2.735900878906250e+00 -1.775125122070312e+01 -1.561380004882812e+01
