# transform file transforms/talairach_with_skull.lta
# created by aracena on Tue Dec 28 02:21:16 2021

type      = 0 # LINEAR_VOX_TO_VOX
nxforms   = 1
mean      = 133.0000 136.0000 130.0000
sigma     = 10000.0000
1 4 4
1.003394484519958e+00 -2.272969298064709e-02 -4.757427051663399e-02 2.350247144699097e+00 
1.567754521965981e-02 1.162783503532410e+00 -7.082931697368622e-02 8.762949943542480e+00 
5.140680074691772e-02 9.297548234462738e-02 1.028600931167603e+00 -3.841668701171875e+01 
0.000000000000000e+00 0.000000000000000e+00 0.000000000000000e+00 1.000000000000000e+00 
src volume info
valid = 1  # volume info valid
filename = nu.mgz
volume = 256 256 256
voxelsize = 1.000000000000000e+00 1.000000000000000e+00 1.000000000000000e+00
xras   = -9.999998807907104e-01 0.000000000000000e+00 -1.862645149230957e-09
yras   = 0.000000000000000e+00 -1.585431164130569e-08 -9.999998807907104e-01
zras   = 0.000000000000000e+00 9.999998807907104e-01 -1.404987415298820e-08
cras   = 2.735900878906250e+00 -1.775125122070312e+01 -1.561380004882812e+01
dst volume info
valid = 1  # volume info valid
filename = /home/aracena/freesurfer/average/RB_all_withskull_2020_01_02.gca
volume = 256 256 256
voxelsize = 1.000000000000000e+00 1.000000000000000e+00 1.000000000000000e+00
xras   = -1.000000000000000e+00 0.000000000000000e+00 0.000000000000000e+00
yras   = 0.000000000000000e+00 0.000000000000000e+00 -1.000000000000000e+00
zras   = 0.000000000000000e+00 1.000000000000000e+00 0.000000000000000e+00
cras   = 0.000000000000000e+00 0.000000000000000e+00 0.000000000000000e+00
