type      = 1 # LINEAR_RAS_TO_RAS
nxforms   = 1
mean      = 0.0000 0.0000 0.0000
sigma     = 1.0000
1 4 4
1.033041000366211e+00 2.301499992609024e-02 -1.910400018095970e-02 9.734799861907959e-01 
-2.706100046634674e-02 1.021124005317688e+00 1.949499920010567e-02 -4.329069852828979e-01 
1.091900002211332e-02 -3.498400002717972e-02 1.066915035247803e+00 -3.082496881484985e+00 
0.000000000000000e+00 0.000000000000000e+00 0.000000000000000e+00 1.000000000000000e+00 
src volume info
valid = 1  # volume info valid
filename = /opt/home/aracena/thesis_practica/tips_nibabel/3_recon-all_freesurfer/output/freesurfer/sub-03/mri/orig_nu.mgz
volume = 256 256 256
voxelsize = 1.000000000000000e+00 1.000000000000000e+00 1.000000000000000e+00
xras   = -9.999998807907104e-01 0.000000000000000e+00 -1.862645149230957e-09
yras   = 0.000000000000000e+00 -1.585431164130569e-08 -9.999998807907104e-01
zras   = 0.000000000000000e+00 9.999998807907104e-01 -1.404987415298820e-08
cras   = 2.735900878906250e+00 -1.775125122070312e+01 -1.561380004882812e+01
dst volume info
valid = 1  # volume info valid
filename = /home/aracena/freesurfer/average/mni305.cor.mgz
volume = 256 256 256
voxelsize = 1.000000000000000e+00 1.000000000000000e+00 1.000000000000000e+00
xras   = -1.000000000000000e+00 0.000000000000000e+00 0.000000000000000e+00
yras   = 0.000000000000000e+00 0.000000000000000e+00 -1.000000000000000e+00
zras   = 0.000000000000000e+00 1.000000000000000e+00 0.000000000000000e+00
cras   = 0.000000000000000e+00 0.000000000000000e+00 0.000000000000000e+00
subject fsaverage
fscale 0.100000
