type      = 0 # LINEAR_VOX_TO_VOX
nxforms   = 1
mean      = 0.0000 0.0000 0.0000
sigma     = 1.0000
1 4 4
1.033040881156921e+00 -1.910399831831455e-02 -2.301499806344509e-02 -2.527526855468750e+00 
1.091900095343590e-02 1.066914916038513e+00 3.498401120305061e-02 4.649520874023438e+00 
2.706099674105644e-02 -1.949501410126686e-02 1.021123886108398e+00 -2.260987854003906e+01 
0.000000000000000e+00 0.000000000000000e+00 0.000000000000000e+00 1.000000000000000e+00 
src volume info
valid = 1  # volume info valid
filename = /opt/home/aracena/thesis_practica/tips_nibabel/3_recon-all_freesurfer/output/freesurfer/sub-03/mri/orig.mgz
volume = 256 256 256
voxelsize = 1.000000000000000e+00 1.000000000000000e+00 1.000000000000000e+00
xras   = -9.999998807907104e-01 0.000000000000000e+00 -1.862645149230957e-09
yras   = 0.000000000000000e+00 -1.585431164130569e-08 -9.999998807907104e-01
zras   = 0.000000000000000e+00 9.999998807907104e-01 -1.404987415298820e-08
cras   = 2.735900878906250e+00 -1.775125122070312e+01 -1.561380004882812e+01
dst volume info
valid = 1  # volume info valid
filename = /home/aracena/freesurfer/average/mni305.cor.mgz
volume = 256 256 256
voxelsize = 1.000000000000000e+00 1.000000000000000e+00 1.000000000000000e+00
xras   = -1.000000000000000e+00 0.000000000000000e+00 0.000000000000000e+00
yras   = 0.000000000000000e+00 0.000000000000000e+00 -1.000000000000000e+00
zras   = 0.000000000000000e+00 1.000000000000000e+00 0.000000000000000e+00
cras   = 0.000000000000000e+00 0.000000000000000e+00 0.000000000000000e+00
subject fsaverage
fscale 0.100000
