# transform file transforms/talairach.lta
# created by aracena on Tue Dec 28 02:31:17 2021

type      = 0 # LINEAR_VOX_TO_VOX
nxforms   = 1
mean      = 130.0000 109.0000 129.0000
sigma     = 10000.0000
1 4 4
1.014315724372864e+00 4.283639788627625e-02 5.039660725742579e-03 -1.223451614379883e+01 
-4.212840646505356e-02 1.062421560287476e+00 1.217139437794685e-01 9.439655542373657e-01 
-1.413140562362969e-04 -1.343114376068115e-01 1.011548876762390e+00 -4.782151222229004e+00 
0.000000000000000e+00 0.000000000000000e+00 0.000000000000000e+00 1.000000000000000e+00 
src volume info
valid = 1  # volume info valid
filename = nu.mgz
volume = 256 256 256
voxelsize = 1.000000000000000e+00 1.000000000000000e+00 1.000000000000000e+00
xras   = -9.999998807907104e-01 0.000000000000000e+00 -1.862645149230957e-09
yras   = 0.000000000000000e+00 -1.585431164130569e-08 -9.999998807907104e-01
zras   = 0.000000000000000e+00 9.999998807907104e-01 -1.404987415298820e-08
cras   = 2.735900878906250e+00 -1.775125122070312e+01 -1.561380004882812e+01
dst volume info
valid = 1  # volume info valid
filename = /home/aracena/freesurfer/average/RB_all_2020-01-02.gca
volume = 256 256 256
voxelsize = 1.000000000000000e+00 1.000000000000000e+00 1.000000000000000e+00
xras   = -1.000000000000000e+00 0.000000000000000e+00 0.000000000000000e+00
yras   = 0.000000000000000e+00 0.000000000000000e+00 -1.000000000000000e+00
zras   = 0.000000000000000e+00 1.000000000000000e+00 0.000000000000000e+00
cras   = 0.000000000000000e+00 0.000000000000000e+00 0.000000000000000e+00
