# transform file /opt/home/aracena/thesis_practica/tips_nibabel/3_recon-all_freesurfer/output/freesurfer/sub-06/mri/transforms/cc_up.lta
# created by aracena on Tue Dec 28 21:03:05 2021

type      = 0 # LINEAR_VOX_TO_VOX
nxforms   = 1
mean      = 128.0000 94.0000 133.0000
sigma     = 10000.0000
1 4 4
9.992794990539551e-01 3.530451655387878e-02 1.393071003258228e-02 -6.055588245391846e+00 
-3.530108928680420e-02 9.993765950202942e-01 -4.921238287352026e-04 6.565859985351562e+01 
-1.393939927220345e-02 0.000000000000000e+00 9.999028444290161e-01 1.810618638992310e+00 
0.000000000000000e+00 0.000000000000000e+00 0.000000000000000e+00 1.000000000000000e+00 
src volume info
valid = 1  # volume info valid
filename = /opt/home/aracena/thesis_practica/tips_nibabel/3_recon-all_freesurfer/output/freesurfer/sub-06/mri/norm.mgz
volume = 256 256 256
voxelsize = 1.000000000000000e+00 1.000000000000000e+00 1.000000000000000e+00
xras   = -1.000000000000000e+00 3.725290298461914e-09 -2.328306436538696e-10
yras   = -8.731149137020111e-10 1.489570422563702e-08 -1.000000000000000e+00
zras   = 0.000000000000000e+00 1.000000000000000e+00 -1.259104465134442e-08
cras   = 1.006103515625000e+00 -2.318595123291016e+01 -2.863380432128906e+01
dst volume info
valid = 1  # volume info valid
filename = /opt/home/aracena/thesis_practica/tips_nibabel/3_recon-all_freesurfer/output/freesurfer/sub-06/mri/norm.mgz
volume = 256 256 256
voxelsize = 1.000000000000000e+00 1.000000000000000e+00 1.000000000000000e+00
xras   = -1.000000000000000e+00 3.725290298461914e-09 -2.328306436538696e-10
yras   = -8.731149137020111e-10 1.489570422563702e-08 -1.000000000000000e+00
zras   = 0.000000000000000e+00 1.000000000000000e+00 -1.259104465134442e-08
cras   = 1.006103515625000e+00 -2.318595123291016e+01 -2.863380432128906e+01
