# transform file transforms/talairach.lta
# created by aracena on Tue Dec 28 14:26:27 2021

type      = 0 # LINEAR_VOX_TO_VOX
nxforms   = 1
mean      = 128.0000 94.0000 133.0000
sigma     = 10000.0000
1 4 4
9.767720699310303e-01 7.776200771331787e-02 2.205725759267807e-02 -9.045925140380859e+00 
-8.357964456081390e-02 1.004812240600586e+00 1.072584614157677e-01 2.784796905517578e+01 
-1.359064597636461e-02 -1.076343208551407e-01 9.952763319015503e-01 -9.721855163574219e+00 
0.000000000000000e+00 0.000000000000000e+00 0.000000000000000e+00 1.000000000000000e+00 
src volume info
valid = 1  # volume info valid
filename = nu.mgz
volume = 256 256 256
voxelsize = 1.000000000000000e+00 1.000000000000000e+00 1.000000000000000e+00
xras   = -1.000000000000000e+00 3.725290298461914e-09 -2.328306436538696e-10
yras   = -8.731149137020111e-10 1.489570422563702e-08 -1.000000000000000e+00
zras   = 0.000000000000000e+00 1.000000000000000e+00 -1.259104465134442e-08
cras   = 1.006103515625000e+00 -2.318595123291016e+01 -2.863380432128906e+01
dst volume info
valid = 1  # volume info valid
filename = /home/aracena/freesurfer/average/RB_all_2020-01-02.gca
volume = 256 256 256
voxelsize = 1.000000000000000e+00 1.000000000000000e+00 1.000000000000000e+00
xras   = -1.000000000000000e+00 0.000000000000000e+00 0.000000000000000e+00
yras   = 0.000000000000000e+00 0.000000000000000e+00 -1.000000000000000e+00
zras   = 0.000000000000000e+00 1.000000000000000e+00 0.000000000000000e+00
cras   = 0.000000000000000e+00 0.000000000000000e+00 0.000000000000000e+00
