# transform file transforms/talairach_with_skull.lta
# created by aracena on Tue Dec 28 14:07:11 2021

type      = 0 # LINEAR_VOX_TO_VOX
nxforms   = 1
mean      = 128.0000 132.0000 130.0000
sigma     = 10000.0000
1 4 4
1.030569911003113e+00 1.108922287821770e-01 -3.238116204738617e-02 -1.208069038391113e+01 
-1.029626131057739e-01 1.152446508407593e+00 2.026435360312462e-02 2.954137039184570e+01 
3.696322441101074e-02 -4.027837514877319e-02 9.589759707450867e-01 -1.974475097656250e+01 
0.000000000000000e+00 0.000000000000000e+00 0.000000000000000e+00 1.000000000000000e+00 
src volume info
valid = 1  # volume info valid
filename = nu.mgz
volume = 256 256 256
voxelsize = 1.000000000000000e+00 1.000000000000000e+00 1.000000000000000e+00
xras   = -1.000000000000000e+00 3.725290298461914e-09 -2.328306436538696e-10
yras   = -8.731149137020111e-10 1.489570422563702e-08 -1.000000000000000e+00
zras   = 0.000000000000000e+00 1.000000000000000e+00 -1.259104465134442e-08
cras   = 1.006103515625000e+00 -2.318595123291016e+01 -2.863380432128906e+01
dst volume info
valid = 1  # volume info valid
filename = /home/aracena/freesurfer/average/RB_all_withskull_2020_01_02.gca
volume = 256 256 256
voxelsize = 1.000000000000000e+00 1.000000000000000e+00 1.000000000000000e+00
xras   = -1.000000000000000e+00 0.000000000000000e+00 0.000000000000000e+00
yras   = 0.000000000000000e+00 0.000000000000000e+00 -1.000000000000000e+00
zras   = 0.000000000000000e+00 1.000000000000000e+00 0.000000000000000e+00
cras   = 0.000000000000000e+00 0.000000000000000e+00 0.000000000000000e+00
