type      = 1 # LINEAR_RAS_TO_RAS
nxforms   = 1
mean      = 0.0000 0.0000 0.0000
sigma     = 1.0000
1 4 4
1.018285036087036e+00 -1.029200013726950e-02 1.510400045663118e-02 -8.827059864997864e-01 
3.246099874377251e-02 1.007724046707153e+00 7.441899925470352e-02 1.014572024345398e+00 
-4.608000069856644e-02 -6.976400315761566e-02 1.053529977798462e+00 -5.321403980255127e+00 
0.000000000000000e+00 0.000000000000000e+00 0.000000000000000e+00 1.000000000000000e+00 
src volume info
valid = 1  # volume info valid
filename = /opt/home/aracena/thesis_practica/tips_nibabel/3_recon-all_freesurfer/output/freesurfer/sub-06/mri/orig_nu.mgz
volume = 256 256 256
voxelsize = 1.000000000000000e+00 1.000000000000000e+00 1.000000000000000e+00
xras   = -1.000000000000000e+00 3.725290298461914e-09 -2.328306436538696e-10
yras   = -8.731149137020111e-10 1.489570422563702e-08 -1.000000000000000e+00
zras   = 0.000000000000000e+00 1.000000000000000e+00 -1.259104465134442e-08
cras   = 1.006103515625000e+00 -2.318595123291016e+01 -2.863380432128906e+01
dst volume info
valid = 1  # volume info valid
filename = /home/aracena/freesurfer/average/mni305.cor.mgz
volume = 256 256 256
voxelsize = 1.000000000000000e+00 1.000000000000000e+00 1.000000000000000e+00
xras   = -1.000000000000000e+00 0.000000000000000e+00 0.000000000000000e+00
yras   = 0.000000000000000e+00 0.000000000000000e+00 -1.000000000000000e+00
zras   = 0.000000000000000e+00 1.000000000000000e+00 0.000000000000000e+00
cras   = 0.000000000000000e+00 0.000000000000000e+00 0.000000000000000e+00
subject fsaverage
fscale 0.100000
