# transform file /opt/home/aracena/thesis_practica/tips_nibabel/3_recon-all_freesurfer/output/freesurfer/sub-10/mri/transforms/cc_up.lta
# created by aracena on Tue Dec 28 20:41:23 2021

type      = 0 # LINEAR_VOX_TO_VOX
nxforms   = 1
mean      = 126.0000 98.0000 107.0000
sigma     = 10000.0000
1 4 4
9.991869926452637e-01 -3.362032398581505e-02 -2.225195243954659e-02 9.232636451721191e+00 
3.361199051141739e-02 9.994347095489502e-01 -7.485410314984620e-04 4.792811584472656e+01 
2.226453833281994e-02 -5.820766785236131e-11 9.997521638870239e-01 2.224879074096680e+01 
0.000000000000000e+00 0.000000000000000e+00 0.000000000000000e+00 1.000000000000000e+00 
src volume info
valid = 1  # volume info valid
filename = /opt/home/aracena/thesis_practica/tips_nibabel/3_recon-all_freesurfer/output/freesurfer/sub-10/mri/norm.mgz
volume = 256 256 256
voxelsize = 1.000000000000000e+00 1.000000000000000e+00 1.000000000000000e+00
xras   = -1.000000119209290e+00 9.313225746154785e-10 -7.450580596923828e-09
yras   = 0.000000000000000e+00 1.263106241822243e-08 -1.000000119209290e+00
zras   = 9.313225746154785e-10 1.000000119209290e+00 1.426087692379951e-08
cras   = -2.734489440917969e+00 2.700935363769531e+00 -2.920747375488281e+01
dst volume info
valid = 1  # volume info valid
filename = /opt/home/aracena/thesis_practica/tips_nibabel/3_recon-all_freesurfer/output/freesurfer/sub-10/mri/norm.mgz
volume = 256 256 256
voxelsize = 1.000000000000000e+00 1.000000000000000e+00 1.000000000000000e+00
xras   = -1.000000119209290e+00 9.313225746154785e-10 -7.450580596923828e-09
yras   = 0.000000000000000e+00 1.263106241822243e-08 -1.000000119209290e+00
zras   = 9.313225746154785e-10 1.000000119209290e+00 1.426087692379951e-08
cras   = -2.734489440917969e+00 2.700935363769531e+00 -2.920747375488281e+01
