# transform file transforms/talairach.lta
# created by aracena on Tue Dec 28 14:05:36 2021

type      = 0 # LINEAR_VOX_TO_VOX
nxforms   = 1
mean      = 126.0000 98.0000 108.0000
sigma     = 10000.0000
1 4 4
9.444006085395813e-01 3.204726427793503e-02 1.793031767010689e-02 3.900358676910400e+00 
-3.018762357532978e-02 1.012740254402161e+00 4.913765192031860e-02 2.675086021423340e+01 
-1.602968759834766e-02 -5.097113549709320e-02 1.035723567008972e+00 4.450745105743408e+00 
0.000000000000000e+00 0.000000000000000e+00 0.000000000000000e+00 1.000000000000000e+00 
src volume info
valid = 1  # volume info valid
filename = nu.mgz
volume = 256 256 256
voxelsize = 1.000000000000000e+00 1.000000000000000e+00 1.000000000000000e+00
xras   = -1.000000119209290e+00 9.313225746154785e-10 -7.450580596923828e-09
yras   = 0.000000000000000e+00 1.263106241822243e-08 -1.000000119209290e+00
zras   = 9.313225746154785e-10 1.000000119209290e+00 1.426087692379951e-08
cras   = -2.734489440917969e+00 2.700935363769531e+00 -2.920747375488281e+01
dst volume info
valid = 1  # volume info valid
filename = /home/aracena/freesurfer/average/RB_all_2020-01-02.gca
volume = 256 256 256
voxelsize = 1.000000000000000e+00 1.000000000000000e+00 1.000000000000000e+00
xras   = -1.000000000000000e+00 0.000000000000000e+00 0.000000000000000e+00
yras   = 0.000000000000000e+00 0.000000000000000e+00 -1.000000000000000e+00
zras   = 0.000000000000000e+00 1.000000000000000e+00 0.000000000000000e+00
cras   = 0.000000000000000e+00 0.000000000000000e+00 0.000000000000000e+00
