type      = 1 # LINEAR_RAS_TO_RAS
nxforms   = 1
mean      = 0.0000 0.0000 0.0000
sigma     = 1.0000
1 4 4
9.822090268135071e-01 1.560399960726500e-02 -4.143299907445908e-02 8.628770112991333e-01 
-5.931400135159492e-02 1.073606967926025e+00 4.102300107479095e-02 3.302609920501709e-01 
3.716599941253662e-02 -7.770799845457077e-02 1.119621038436890e+00 -4.628098011016846e+00 
0.000000000000000e+00 0.000000000000000e+00 0.000000000000000e+00 1.000000000000000e+00 
src volume info
valid = 1  # volume info valid
filename = /opt/home/aracena/thesis_practica/tips_nibabel/3_recon-all_freesurfer/output/freesurfer/sub-10/mri/orig_nu.mgz
volume = 256 256 256
voxelsize = 1.000000000000000e+00 1.000000000000000e+00 1.000000000000000e+00
xras   = -1.000000119209290e+00 9.313225746154785e-10 -7.450580596923828e-09
yras   = 0.000000000000000e+00 1.263106241822243e-08 -1.000000119209290e+00
zras   = 9.313225746154785e-10 1.000000119209290e+00 1.426087692379951e-08
cras   = -2.734489440917969e+00 2.700935363769531e+00 -2.920747375488281e+01
dst volume info
valid = 1  # volume info valid
filename = /home/aracena/freesurfer/average/mni305.cor.mgz
volume = 256 256 256
voxelsize = 1.000000000000000e+00 1.000000000000000e+00 1.000000000000000e+00
xras   = -1.000000000000000e+00 0.000000000000000e+00 0.000000000000000e+00
yras   = 0.000000000000000e+00 0.000000000000000e+00 -1.000000000000000e+00
zras   = 0.000000000000000e+00 1.000000000000000e+00 0.000000000000000e+00
cras   = 0.000000000000000e+00 0.000000000000000e+00 0.000000000000000e+00
subject fsaverage
fscale 0.100000
