# transform file transforms/talairach_with_skull.lta
# created by aracena on Tue Dec 28 13:54:15 2021

type      = 0 # LINEAR_VOX_TO_VOX
nxforms   = 1
mean      = 127.0000 131.0000 121.0000
sigma     = 10000.0000
1 4 4
9.637230634689331e-01 -2.911481633782387e-02 -3.819115832448006e-02 1.268430614471436e+01 
3.088509477674961e-02 9.764295816421509e-01 9.261830151081085e-02 1.698016548156738e+01 
3.208259120583534e-02 -1.097638383507729e-01 1.088973045349121e+00 2.038713932037354e+00 
0.000000000000000e+00 0.000000000000000e+00 0.000000000000000e+00 1.000000000000000e+00 
src volume info
valid = 1  # volume info valid
filename = nu.mgz
volume = 256 256 256
voxelsize = 1.000000000000000e+00 1.000000000000000e+00 1.000000000000000e+00
xras   = -1.000000119209290e+00 9.313225746154785e-10 -7.450580596923828e-09
yras   = 0.000000000000000e+00 1.263106241822243e-08 -1.000000119209290e+00
zras   = 9.313225746154785e-10 1.000000119209290e+00 1.426087692379951e-08
cras   = -2.734489440917969e+00 2.700935363769531e+00 -2.920747375488281e+01
dst volume info
valid = 1  # volume info valid
filename = /home/aracena/freesurfer/average/RB_all_withskull_2020_01_02.gca
volume = 256 256 256
voxelsize = 1.000000000000000e+00 1.000000000000000e+00 1.000000000000000e+00
xras   = -1.000000000000000e+00 0.000000000000000e+00 0.000000000000000e+00
yras   = 0.000000000000000e+00 0.000000000000000e+00 -1.000000000000000e+00
zras   = 0.000000000000000e+00 1.000000000000000e+00 0.000000000000000e+00
cras   = 0.000000000000000e+00 0.000000000000000e+00 0.000000000000000e+00
