type      = 0 # LINEAR_VOX_TO_VOX
nxforms   = 1
mean      = 0.0000 0.0000 0.0000
sigma     = 1.0000
1 4 4
9.822091460227966e-01 -4.143300279974937e-02 -1.560400146991014e-02 1.014862823486328e+01 
3.716601058840752e-02 1.119621157646179e+00 7.770799100399017e-02 7.625534057617188e+00 
5.931400880217552e-02 -4.102298989892006e-02 1.073607087135315e+00 -9.568939208984375e+00 
0.000000000000000e+00 0.000000000000000e+00 0.000000000000000e+00 1.000000000000000e+00 
src volume info
valid = 1  # volume info valid
filename = /opt/home/aracena/thesis_practica/tips_nibabel/3_recon-all_freesurfer/output/freesurfer/sub-10/mri/orig.mgz
volume = 256 256 256
voxelsize = 1.000000000000000e+00 1.000000000000000e+00 1.000000000000000e+00
xras   = -1.000000119209290e+00 9.313225746154785e-10 -7.450580596923828e-09
yras   = 0.000000000000000e+00 1.263106241822243e-08 -1.000000119209290e+00
zras   = 9.313225746154785e-10 1.000000119209290e+00 1.426087692379951e-08
cras   = -2.734489440917969e+00 2.700935363769531e+00 -2.920747375488281e+01
dst volume info
valid = 1  # volume info valid
filename = /home/aracena/freesurfer/average/mni305.cor.mgz
volume = 256 256 256
voxelsize = 1.000000000000000e+00 1.000000000000000e+00 1.000000000000000e+00
xras   = -1.000000000000000e+00 0.000000000000000e+00 0.000000000000000e+00
yras   = 0.000000000000000e+00 0.000000000000000e+00 -1.000000000000000e+00
zras   = 0.000000000000000e+00 1.000000000000000e+00 0.000000000000000e+00
cras   = 0.000000000000000e+00 0.000000000000000e+00 0.000000000000000e+00
subject fsaverage
fscale 0.100000
