# transform file /opt/home/aracena/thesis_practica/tips_nibabel/3_recon-all_freesurfer/output/freesurfer/sub-07/mri/transforms/cc_up.lta
# created by aracena on Tue Dec 28 20:28:14 2021

type      = 0 # LINEAR_VOX_TO_VOX
nxforms   = 1
mean      = 129.0000 92.0000 111.0000
sigma     = 10000.0000
1 4 4
9.999035596847534e-01 1.351398508995771e-02 -3.199445316568017e-03 -1.536328077316284e+00 
-1.351391524076462e-02 9.999086856842041e-01 4.324120163801126e-05 6.475830078125000e+01 
3.199737519025803e-03 0.000000000000000e+00 9.999948740005493e-01 2.458456230163574e+01 
0.000000000000000e+00 0.000000000000000e+00 0.000000000000000e+00 1.000000000000000e+00 
src volume info
valid = 1  # volume info valid
filename = /opt/home/aracena/thesis_practica/tips_nibabel/3_recon-all_freesurfer/output/freesurfer/sub-07/mri/norm.mgz
volume = 256 256 256
voxelsize = 1.000000000000000e+00 1.000000000000000e+00 1.000000000000000e+00
xras   = -9.999999403953552e-01 9.313225746154785e-10 0.000000000000000e+00
yras   = 0.000000000000000e+00 -3.201421350240707e-10 -9.999999403953552e-01
zras   = -9.313225746154785e-10 1.000000000000000e+00 -9.895302355289459e-10
cras   = 1.371498107910156e+00 2.288581848144531e+00 -3.403056335449219e+01
dst volume info
valid = 1  # volume info valid
filename = /opt/home/aracena/thesis_practica/tips_nibabel/3_recon-all_freesurfer/output/freesurfer/sub-07/mri/norm.mgz
volume = 256 256 256
voxelsize = 1.000000000000000e+00 1.000000000000000e+00 1.000000000000000e+00
xras   = -9.999999403953552e-01 9.313225746154785e-10 0.000000000000000e+00
yras   = 0.000000000000000e+00 -3.201421350240707e-10 -9.999999403953552e-01
zras   = -9.313225746154785e-10 1.000000000000000e+00 -9.895302355289459e-10
cras   = 1.371498107910156e+00 2.288581848144531e+00 -3.403056335449219e+01
