# transform file transforms/talairach.lta
# created by aracena on Tue Dec 28 14:03:06 2021

type      = 0 # LINEAR_VOX_TO_VOX
nxforms   = 1
mean      = 129.0000 91.0000 111.0000
sigma     = 10000.0000
1 4 4
1.036307334899902e+00 3.719140216708183e-02 -3.165178373456001e-02 -8.950571060180664e+00 
-3.379037603735924e-02 1.011820197105408e+00 8.135147392749786e-02 2.961613655090332e+01 
3.522522374987602e-02 -7.863678038120270e-02 9.798170924186707e-01 6.866057395935059e+00 
0.000000000000000e+00 0.000000000000000e+00 0.000000000000000e+00 1.000000000000000e+00 
src volume info
valid = 1  # volume info valid
filename = nu.mgz
volume = 256 256 256
voxelsize = 1.000000000000000e+00 1.000000000000000e+00 1.000000000000000e+00
xras   = -9.999999403953552e-01 9.313225746154785e-10 0.000000000000000e+00
yras   = 0.000000000000000e+00 -3.201421350240707e-10 -9.999999403953552e-01
zras   = -9.313225746154785e-10 1.000000000000000e+00 -9.895302355289459e-10
cras   = 1.371498107910156e+00 2.288581848144531e+00 -3.403056335449219e+01
dst volume info
valid = 1  # volume info valid
filename = /home/aracena/freesurfer/average/RB_all_2020-01-02.gca
volume = 256 256 256
voxelsize = 1.000000000000000e+00 1.000000000000000e+00 1.000000000000000e+00
xras   = -1.000000000000000e+00 0.000000000000000e+00 0.000000000000000e+00
yras   = 0.000000000000000e+00 0.000000000000000e+00 -1.000000000000000e+00
zras   = 0.000000000000000e+00 1.000000000000000e+00 0.000000000000000e+00
cras   = 0.000000000000000e+00 0.000000000000000e+00 0.000000000000000e+00
