type      = 1 # LINEAR_RAS_TO_RAS
nxforms   = 1
mean      = 0.0000 0.0000 0.0000
sigma     = 1.0000
1 4 4
1.037197947502136e+00 3.263999940827489e-03 4.199000075459480e-03 8.560490012168884e-01 
7.118999958038330e-03 1.009822010993958e+00 1.094229966402054e-01 -8.873829841613770e-01 
-3.356400132179260e-02 -8.784499764442444e-02 1.053665995597839e+00 -5.202788829803467e+00 
0.000000000000000e+00 0.000000000000000e+00 0.000000000000000e+00 1.000000000000000e+00 
src volume info
valid = 1  # volume info valid
filename = /opt/home/aracena/thesis_practica/tips_nibabel/3_recon-all_freesurfer/output/freesurfer/sub-07/mri/orig_nu.mgz
volume = 256 256 256
voxelsize = 1.000000000000000e+00 1.000000000000000e+00 1.000000000000000e+00
xras   = -9.999999403953552e-01 9.313225746154785e-10 0.000000000000000e+00
yras   = 0.000000000000000e+00 -3.201421350240707e-10 -9.999999403953552e-01
zras   = -9.313225746154785e-10 1.000000000000000e+00 -9.895302355289459e-10
cras   = 1.371498107910156e+00 2.288581848144531e+00 -3.403056335449219e+01
dst volume info
valid = 1  # volume info valid
filename = /home/aracena/freesurfer/average/mni305.cor.mgz
volume = 256 256 256
voxelsize = 1.000000000000000e+00 1.000000000000000e+00 1.000000000000000e+00
xras   = -1.000000000000000e+00 0.000000000000000e+00 0.000000000000000e+00
yras   = 0.000000000000000e+00 0.000000000000000e+00 -1.000000000000000e+00
zras   = 0.000000000000000e+00 1.000000000000000e+00 0.000000000000000e+00
cras   = 0.000000000000000e+00 0.000000000000000e+00 0.000000000000000e+00
subject fsaverage
fscale 0.100000
