# transform file transforms/talairach_with_skull.lta
# created by aracena on Tue Dec 28 13:51:56 2021

type      = 0 # LINEAR_VOX_TO_VOX
nxforms   = 1
mean      = 130.0000 130.0000 113.0000
sigma     = 10000.0000
1 4 4
1.034976482391357e+00 3.779905661940575e-02 -2.059478498995304e-02 -1.063126754760742e+01 
-3.412600234150887e-02 1.021922230720520e+00 1.582200974225998e-01 1.809635734558105e+01 
2.707483246922493e-02 -1.528360843658447e-01 9.810568094253540e-01 1.163880443572998e+01 
0.000000000000000e+00 0.000000000000000e+00 0.000000000000000e+00 1.000000000000000e+00 
src volume info
valid = 1  # volume info valid
filename = nu.mgz
volume = 256 256 256
voxelsize = 1.000000000000000e+00 1.000000000000000e+00 1.000000000000000e+00
xras   = -9.999999403953552e-01 9.313225746154785e-10 0.000000000000000e+00
yras   = 0.000000000000000e+00 -3.201421350240707e-10 -9.999999403953552e-01
zras   = -9.313225746154785e-10 1.000000000000000e+00 -9.895302355289459e-10
cras   = 1.371498107910156e+00 2.288581848144531e+00 -3.403056335449219e+01
dst volume info
valid = 1  # volume info valid
filename = /home/aracena/freesurfer/average/RB_all_withskull_2020_01_02.gca
volume = 256 256 256
voxelsize = 1.000000000000000e+00 1.000000000000000e+00 1.000000000000000e+00
xras   = -1.000000000000000e+00 0.000000000000000e+00 0.000000000000000e+00
yras   = 0.000000000000000e+00 0.000000000000000e+00 -1.000000000000000e+00
zras   = 0.000000000000000e+00 1.000000000000000e+00 0.000000000000000e+00
cras   = 0.000000000000000e+00 0.000000000000000e+00 0.000000000000000e+00
