# transform file /opt/home/aracena/thesis_practica/tips_nibabel/3_recon-all_freesurfer/output/freesurfer/sub-02/mri/transforms/cc_up.lta
# created by aracena on Mon Dec 27 20:22:47 2021

type      = 0 # LINEAR_VOX_TO_VOX
nxforms   = 1
mean      = 124.0000 91.0000 120.0000
sigma     = 10000.0000
1 4 4
9.991256594657898e-01 -3.324776515364647e-02 -2.534372545778751e-02 1.432143115997314e+01 
3.323707357048988e-02 9.994470477104187e-01 -8.430884336121380e-04 5.414635848999023e+01 
2.535774558782578e-02 5.820765397457350e-11 9.996783733367920e-01 1.099372482299805e+01 
0.000000000000000e+00 0.000000000000000e+00 0.000000000000000e+00 1.000000000000000e+00 
src volume info
valid = 1  # volume info valid
filename = /opt/home/aracena/thesis_practica/tips_nibabel/3_recon-all_freesurfer/output/freesurfer/sub-02/mri/norm.mgz
volume = 256 256 256
voxelsize = 1.000000000000000e+00 1.000000000000000e+00 1.000000000000000e+00
xras   = -9.999999403953552e-01 -5.587935447692871e-09 0.000000000000000e+00
yras   = -7.450580596923828e-09 1.164153218269348e-09 -9.999999403953552e-01
zras   = -1.862645149230957e-09 9.999999403953552e-01 5.355104804039001e-09
cras   = -7.948722839355469e+00 -1.356079864501953e+01 -2.532281494140625e+01
dst volume info
valid = 1  # volume info valid
filename = /opt/home/aracena/thesis_practica/tips_nibabel/3_recon-all_freesurfer/output/freesurfer/sub-02/mri/norm.mgz
volume = 256 256 256
voxelsize = 1.000000000000000e+00 1.000000000000000e+00 1.000000000000000e+00
xras   = -9.999999403953552e-01 -5.587935447692871e-09 0.000000000000000e+00
yras   = -7.450580596923828e-09 1.164153218269348e-09 -9.999999403953552e-01
zras   = -1.862645149230957e-09 9.999999403953552e-01 5.355104804039001e-09
cras   = -7.948722839355469e+00 -1.356079864501953e+01 -2.532281494140625e+01
