# transform file transforms/talairach.lta
# created by aracena on Mon Dec 27 17:02:32 2021

type      = 0 # LINEAR_VOX_TO_VOX
nxforms   = 1
mean      = 124.0000 91.0000 120.0000
sigma     = 10000.0000
1 4 4
9.359365105628967e-01 -1.590397022664547e-02 1.703986898064613e-02 1.181707477569580e+01 
1.603182032704353e-02 1.036815524101257e+00 -1.666577905416489e-02 3.040309333801270e+01 
-1.585727557539940e-02 1.741790026426315e-02 9.962028861045837e-01 -8.375339508056641e+00 
0.000000000000000e+00 0.000000000000000e+00 0.000000000000000e+00 1.000000000000000e+00 
src volume info
valid = 1  # volume info valid
filename = nu.mgz
volume = 256 256 256
voxelsize = 1.000000000000000e+00 1.000000000000000e+00 1.000000000000000e+00
xras   = -9.999999403953552e-01 -5.587935447692871e-09 0.000000000000000e+00
yras   = -7.450580596923828e-09 1.164153218269348e-09 -9.999999403953552e-01
zras   = -1.862645149230957e-09 9.999999403953552e-01 5.355104804039001e-09
cras   = -7.948722839355469e+00 -1.356079864501953e+01 -2.532281494140625e+01
dst volume info
valid = 1  # volume info valid
filename = /home/aracena/freesurfer/average/RB_all_2020-01-02.gca
volume = 256 256 256
voxelsize = 1.000000000000000e+00 1.000000000000000e+00 1.000000000000000e+00
xras   = -1.000000000000000e+00 0.000000000000000e+00 0.000000000000000e+00
yras   = 0.000000000000000e+00 0.000000000000000e+00 -1.000000000000000e+00
zras   = 0.000000000000000e+00 1.000000000000000e+00 0.000000000000000e+00
cras   = 0.000000000000000e+00 0.000000000000000e+00 0.000000000000000e+00
