# transform file transforms/talairach_with_skull.lta
# created by aracena on Mon Dec 27 16:53:34 2021

type      = 0 # LINEAR_VOX_TO_VOX
nxforms   = 1
mean      = 127.0000 133.0000 124.0000
sigma     = 10000.0000
1 4 4
9.068875312805176e-01 -6.286709010601044e-02 -3.944554179906845e-02 2.550840950012207e+01 
1.770295202732086e-02 1.145328640937805e+00 -8.352316170930862e-02 2.707498550415039e+01 
3.961822018027306e-02 9.418493509292603e-02 1.007766246795654e+00 -2.668714332580566e+01 
0.000000000000000e+00 0.000000000000000e+00 0.000000000000000e+00 1.000000000000000e+00 
src volume info
valid = 1  # volume info valid
filename = nu.mgz
volume = 256 256 256
voxelsize = 1.000000000000000e+00 1.000000000000000e+00 1.000000000000000e+00
xras   = -9.999999403953552e-01 -5.587935447692871e-09 0.000000000000000e+00
yras   = -7.450580596923828e-09 1.164153218269348e-09 -9.999999403953552e-01
zras   = -1.862645149230957e-09 9.999999403953552e-01 5.355104804039001e-09
cras   = -7.948722839355469e+00 -1.356079864501953e+01 -2.532281494140625e+01
dst volume info
valid = 1  # volume info valid
filename = /home/aracena/freesurfer/average/RB_all_withskull_2020_01_02.gca
volume = 256 256 256
voxelsize = 1.000000000000000e+00 1.000000000000000e+00 1.000000000000000e+00
xras   = -1.000000000000000e+00 0.000000000000000e+00 0.000000000000000e+00
yras   = 0.000000000000000e+00 0.000000000000000e+00 -1.000000000000000e+00
zras   = 0.000000000000000e+00 1.000000000000000e+00 0.000000000000000e+00
cras   = 0.000000000000000e+00 0.000000000000000e+00 0.000000000000000e+00
