type      = 0 # LINEAR_VOX_TO_VOX
nxforms   = 1
mean      = 0.0000 0.0000 0.0000
sigma     = 1.0000
1 4 4
9.674269556999207e-01 -5.224798992276192e-02 -1.193899754434824e-02 1.639151000976562e+01 
6.250799447298050e-02 1.049427866935730e+00 7.439598441123962e-02 1.249435424804688e+01 
3.964598849415779e-02 -7.842998951673508e-02 1.004243850708008e+00 -7.776840209960938e+00 
0.000000000000000e+00 0.000000000000000e+00 0.000000000000000e+00 1.000000000000000e+00 
src volume info
valid = 1  # volume info valid
filename = /opt/home/aracena/thesis_practica/tips_nibabel/3_recon-all_freesurfer/output/freesurfer/sub-02/mri/orig.mgz
volume = 256 256 256
voxelsize = 1.000000000000000e+00 1.000000000000000e+00 1.000000000000000e+00
xras   = -9.999999403953552e-01 -5.587935447692871e-09 0.000000000000000e+00
yras   = -7.450580596923828e-09 1.164153218269348e-09 -9.999999403953552e-01
zras   = -1.862645149230957e-09 9.999999403953552e-01 5.355104804039001e-09
cras   = -7.948722839355469e+00 -1.356079864501953e+01 -2.532281494140625e+01
dst volume info
valid = 1  # volume info valid
filename = /home/aracena/freesurfer/average/mni305.cor.mgz
volume = 256 256 256
voxelsize = 1.000000000000000e+00 1.000000000000000e+00 1.000000000000000e+00
xras   = -1.000000000000000e+00 0.000000000000000e+00 0.000000000000000e+00
yras   = 0.000000000000000e+00 0.000000000000000e+00 -1.000000000000000e+00
zras   = 0.000000000000000e+00 1.000000000000000e+00 0.000000000000000e+00
cras   = 0.000000000000000e+00 0.000000000000000e+00 0.000000000000000e+00
subject fsaverage
fscale 0.100000
