# transform file /opt/home/aracena/thesis_practica/tips_nibabel/3_recon-all_freesurfer/output/freesurfer/sub-09/mri/transforms/cc_up.lta
# created by aracena on Tue Dec 28 20:37:50 2021

type      = 0 # LINEAR_VOX_TO_VOX
nxforms   = 1
mean      = 131.0000 90.0000 126.0000
sigma     = 10000.0000
1 4 4
9.996968507766724e-01 1.332239713519812e-02 2.071052603423595e-02 -6.416203022003174e+00 
-1.331953890621662e-02 9.999113678932190e-01 -2.759383060038090e-04 6.779872894287109e+01 
-2.071236446499825e-02 0.000000000000000e+00 9.997855424880981e-01 3.761274099349976e+00 
0.000000000000000e+00 0.000000000000000e+00 0.000000000000000e+00 1.000000000000000e+00 
src volume info
valid = 1  # volume info valid
filename = /opt/home/aracena/thesis_practica/tips_nibabel/3_recon-all_freesurfer/output/freesurfer/sub-09/mri/norm.mgz
volume = 256 256 256
voxelsize = 1.000000000000000e+00 1.000000000000000e+00 1.000000000000000e+00
xras   = -1.000000000000000e+00 0.000000000000000e+00 3.725290298461914e-09
yras   = -3.725290298461914e-09 6.984919309616089e-10 -1.000000000000000e+00
zras   = 0.000000000000000e+00 1.000000000000000e+00 2.561137080192566e-09
cras   = 2.941093444824219e+00 -1.502320861816406e+01 -3.564663696289062e+01
dst volume info
valid = 1  # volume info valid
filename = /opt/home/aracena/thesis_practica/tips_nibabel/3_recon-all_freesurfer/output/freesurfer/sub-09/mri/norm.mgz
volume = 256 256 256
voxelsize = 1.000000000000000e+00 1.000000000000000e+00 1.000000000000000e+00
xras   = -1.000000000000000e+00 0.000000000000000e+00 3.725290298461914e-09
yras   = -3.725290298461914e-09 6.984919309616089e-10 -1.000000000000000e+00
zras   = 0.000000000000000e+00 1.000000000000000e+00 2.561137080192566e-09
cras   = 2.941093444824219e+00 -1.502320861816406e+01 -3.564663696289062e+01
