# transform file transforms/talairach_with_skull.lta
# created by aracena on Tue Dec 28 13:56:40 2021

type      = 0 # LINEAR_VOX_TO_VOX
nxforms   = 1
mean      = 129.0000 131.0000 127.0000
sigma     = 10000.0000
1 4 4
9.773430824279785e-01 4.105670750141144e-02 1.756845414638519e-02 -8.286622047424316e+00 
-3.932090103626251e-02 1.038773655891418e+00 3.756732493638992e-02 3.092840003967285e+01 
-1.529129222035408e-02 -3.308010473847389e-02 1.041354775428772e+00 -1.831827354431152e+01 
0.000000000000000e+00 0.000000000000000e+00 0.000000000000000e+00 1.000000000000000e+00 
src volume info
valid = 1  # volume info valid
filename = nu.mgz
volume = 256 256 256
voxelsize = 1.000000000000000e+00 1.000000000000000e+00 1.000000000000000e+00
xras   = -1.000000000000000e+00 0.000000000000000e+00 3.725290298461914e-09
yras   = -3.725290298461914e-09 6.984919309616089e-10 -1.000000000000000e+00
zras   = 0.000000000000000e+00 1.000000000000000e+00 2.561137080192566e-09
cras   = 2.941093444824219e+00 -1.502320861816406e+01 -3.564663696289062e+01
dst volume info
valid = 1  # volume info valid
filename = /home/aracena/freesurfer/average/RB_all_withskull_2020_01_02.gca
volume = 256 256 256
voxelsize = 1.000000000000000e+00 1.000000000000000e+00 1.000000000000000e+00
xras   = -1.000000000000000e+00 0.000000000000000e+00 0.000000000000000e+00
yras   = 0.000000000000000e+00 0.000000000000000e+00 -1.000000000000000e+00
zras   = 0.000000000000000e+00 1.000000000000000e+00 0.000000000000000e+00
cras   = 0.000000000000000e+00 0.000000000000000e+00 0.000000000000000e+00
