# transform file transforms/talairach.lta
# created by aracena on Tue Dec 28 14:06:54 2021

type      = 0 # LINEAR_VOX_TO_VOX
nxforms   = 1
mean      = 131.0000 89.0000 126.0000
sigma     = 10000.0000
1 4 4
9.982260465621948e-01 2.558880299329758e-02 2.530134096741676e-02 -1.088886165618896e+01 
-2.420572750270367e-02 1.035817623138428e+00 -1.799215003848076e-02 3.930927658081055e+01 
-2.488225698471069e-02 1.745045185089111e-02 1.040683865547180e+00 -1.931655502319336e+01 
0.000000000000000e+00 0.000000000000000e+00 0.000000000000000e+00 1.000000000000000e+00 
src volume info
valid = 1  # volume info valid
filename = nu.mgz
volume = 256 256 256
voxelsize = 1.000000000000000e+00 1.000000000000000e+00 1.000000000000000e+00
xras   = -1.000000000000000e+00 0.000000000000000e+00 3.725290298461914e-09
yras   = -3.725290298461914e-09 6.984919309616089e-10 -1.000000000000000e+00
zras   = 0.000000000000000e+00 1.000000000000000e+00 2.561137080192566e-09
cras   = 2.941093444824219e+00 -1.502320861816406e+01 -3.564663696289062e+01
dst volume info
valid = 1  # volume info valid
filename = /home/aracena/freesurfer/average/RB_all_2020-01-02.gca
volume = 256 256 256
voxelsize = 1.000000000000000e+00 1.000000000000000e+00 1.000000000000000e+00
xras   = -1.000000000000000e+00 0.000000000000000e+00 0.000000000000000e+00
yras   = 0.000000000000000e+00 0.000000000000000e+00 -1.000000000000000e+00
zras   = 0.000000000000000e+00 1.000000000000000e+00 0.000000000000000e+00
cras   = 0.000000000000000e+00 0.000000000000000e+00 0.000000000000000e+00
