# transform file /opt/home/aracena/thesis_practica/tips_nibabel/3_recon-all_freesurfer/output/freesurfer/sub-08/mri/transforms/cc_up.lta
# created by aracena on Tue Dec 28 20:58:11 2021

type      = 0 # LINEAR_VOX_TO_VOX
nxforms   = 1
mean      = 126.0000 93.0000 125.0000
sigma     = 10000.0000
1 4 4
9.992278218269348e-01 -3.584274649620056e-02 -1.609440892934799e-02 8.038809776306152e+00 
3.583810105919838e-02 9.993574619293213e-01 -5.772387376055121e-04 5.665441513061523e+01 
1.610475778579712e-02 -5.820766091346741e-11 9.998703002929688e-01 1.001280879974365e+01 
0.000000000000000e+00 0.000000000000000e+00 0.000000000000000e+00 1.000000000000000e+00 
src volume info
valid = 1  # volume info valid
filename = /opt/home/aracena/thesis_practica/tips_nibabel/3_recon-all_freesurfer/output/freesurfer/sub-08/mri/norm.mgz
volume = 256 256 256
voxelsize = 1.000000000000000e+00 1.000000000000000e+00 1.000000000000000e+00
xras   = -9.999999403953552e-01 1.862645149230957e-09 0.000000000000000e+00
yras   = 3.725290298461914e-09 9.487848728895187e-09 -9.999999403953552e-01
zras   = 0.000000000000000e+00 1.000000000000000e+00 -1.111766323447227e-08
cras   = -1.711341857910156e+00 -1.386497497558594e+01 -3.440019226074219e+01
dst volume info
valid = 1  # volume info valid
filename = /opt/home/aracena/thesis_practica/tips_nibabel/3_recon-all_freesurfer/output/freesurfer/sub-08/mri/norm.mgz
volume = 256 256 256
voxelsize = 1.000000000000000e+00 1.000000000000000e+00 1.000000000000000e+00
xras   = -9.999999403953552e-01 1.862645149230957e-09 0.000000000000000e+00
yras   = 3.725290298461914e-09 9.487848728895187e-09 -9.999999403953552e-01
zras   = 0.000000000000000e+00 1.000000000000000e+00 -1.111766323447227e-08
cras   = -1.711341857910156e+00 -1.386497497558594e+01 -3.440019226074219e+01
