# transform file transforms/talairach.lta
# created by aracena on Tue Dec 28 14:15:45 2021

type      = 0 # LINEAR_VOX_TO_VOX
nxforms   = 1
mean      = 126.0000 92.0000 125.0000
sigma     = 10000.0000
1 4 4
9.999949336051941e-01 1.594951748847961e-02 -5.712566897273064e-03 8.685885667800903e-01 
-1.881355606019497e-02 9.615049958229065e-01 6.033368408679962e-02 3.312978744506836e+01 
9.398518130183220e-03 -6.511518359184265e-02 9.597362279891968e-01 -3.566046953201294e+00 
0.000000000000000e+00 0.000000000000000e+00 0.000000000000000e+00 1.000000000000000e+00 
src volume info
valid = 1  # volume info valid
filename = nu.mgz
volume = 256 256 256
voxelsize = 1.000000000000000e+00 1.000000000000000e+00 1.000000000000000e+00
xras   = -9.999999403953552e-01 1.862645149230957e-09 0.000000000000000e+00
yras   = 3.725290298461914e-09 9.487848728895187e-09 -9.999999403953552e-01
zras   = 0.000000000000000e+00 1.000000000000000e+00 -1.111766323447227e-08
cras   = -1.711341857910156e+00 -1.386497497558594e+01 -3.440019226074219e+01
dst volume info
valid = 1  # volume info valid
filename = /home/aracena/freesurfer/average/RB_all_2020-01-02.gca
volume = 256 256 256
voxelsize = 1.000000000000000e+00 1.000000000000000e+00 1.000000000000000e+00
xras   = -1.000000000000000e+00 0.000000000000000e+00 0.000000000000000e+00
yras   = 0.000000000000000e+00 0.000000000000000e+00 -1.000000000000000e+00
zras   = 0.000000000000000e+00 1.000000000000000e+00 0.000000000000000e+00
cras   = 0.000000000000000e+00 0.000000000000000e+00 0.000000000000000e+00
