type      = 1 # LINEAR_RAS_TO_RAS
nxforms   = 1
mean      = 0.0000 0.0000 0.0000
sigma     = 1.0000
1 4 4
1.023414969444275e+00 2.747999969869852e-03 -3.809199854731560e-02 -3.764649927616119e-01 
-1.056700013577938e-02 9.868959784507751e-01 3.058299981057644e-02 9.599760174751282e-01 
2.613000012934208e-02 -3.340699896216393e-02 1.075986027717590e+00 -3.425734996795654e+00 
0.000000000000000e+00 0.000000000000000e+00 0.000000000000000e+00 1.000000000000000e+00 
src volume info
valid = 1  # volume info valid
filename = /opt/home/aracena/thesis_practica/tips_nibabel/3_recon-all_freesurfer/output/freesurfer/sub-08/mri/orig_nu.mgz
volume = 256 256 256
voxelsize = 1.000000000000000e+00 1.000000000000000e+00 1.000000000000000e+00
xras   = -9.999999403953552e-01 1.862645149230957e-09 0.000000000000000e+00
yras   = 3.725290298461914e-09 9.487848728895187e-09 -9.999999403953552e-01
zras   = 0.000000000000000e+00 1.000000000000000e+00 -1.111766323447227e-08
cras   = -1.711341857910156e+00 -1.386497497558594e+01 -3.440019226074219e+01
dst volume info
valid = 1  # volume info valid
filename = /home/aracena/freesurfer/average/mni305.cor.mgz
volume = 256 256 256
voxelsize = 1.000000000000000e+00 1.000000000000000e+00 1.000000000000000e+00
xras   = -1.000000000000000e+00 0.000000000000000e+00 0.000000000000000e+00
yras   = 0.000000000000000e+00 0.000000000000000e+00 -1.000000000000000e+00
zras   = 0.000000000000000e+00 1.000000000000000e+00 0.000000000000000e+00
cras   = 0.000000000000000e+00 0.000000000000000e+00 0.000000000000000e+00
subject fsaverage
fscale 0.100000
