type      = 0 # LINEAR_VOX_TO_VOX
nxforms   = 1
mean      = 0.0000 0.0000 0.0000
sigma     = 1.0000
1 4 4
1.023414850234985e+00 -3.809199854731560e-02 -2.748000435531139e-03 3.086021423339844e+00 
2.612999826669693e-02 1.075985908508301e+00 3.340701013803482e-02 2.267445373535156e+01 
1.056700106710196e-02 -3.058298863470554e-02 9.868959784507751e-01 -9.517913818359375e+00 
0.000000000000000e+00 0.000000000000000e+00 0.000000000000000e+00 1.000000000000000e+00 
src volume info
valid = 1  # volume info valid
filename = /opt/home/aracena/thesis_practica/tips_nibabel/3_recon-all_freesurfer/output/freesurfer/sub-08/mri/orig.mgz
volume = 256 256 256
voxelsize = 1.000000000000000e+00 1.000000000000000e+00 1.000000000000000e+00
xras   = -9.999999403953552e-01 1.862645149230957e-09 0.000000000000000e+00
yras   = 3.725290298461914e-09 9.487848728895187e-09 -9.999999403953552e-01
zras   = 0.000000000000000e+00 1.000000000000000e+00 -1.111766323447227e-08
cras   = -1.711341857910156e+00 -1.386497497558594e+01 -3.440019226074219e+01
dst volume info
valid = 1  # volume info valid
filename = /home/aracena/freesurfer/average/mni305.cor.mgz
volume = 256 256 256
voxelsize = 1.000000000000000e+00 1.000000000000000e+00 1.000000000000000e+00
xras   = -1.000000000000000e+00 0.000000000000000e+00 0.000000000000000e+00
yras   = 0.000000000000000e+00 0.000000000000000e+00 -1.000000000000000e+00
zras   = 0.000000000000000e+00 1.000000000000000e+00 0.000000000000000e+00
cras   = 0.000000000000000e+00 0.000000000000000e+00 0.000000000000000e+00
subject fsaverage
fscale 0.100000
