# transform file transforms/talairach_with_skull.lta
# created by aracena on Tue Dec 28 13:59:47 2021

type      = 0 # LINEAR_VOX_TO_VOX
nxforms   = 1
mean      = 129.0000 127.0000 125.0000
sigma     = 10000.0000
1 4 4
9.793719649314880e-01 -6.832259707152843e-03 -3.103364817798138e-02 5.555757522583008e+00 
1.257133670151234e-02 9.911233186721802e-01 1.337828934192657e-01 1.535949134826660e+01 
3.342590108513832e-02 -1.248507127165794e-01 1.029885292053223e+00 -8.636199951171875e+00 
0.000000000000000e+00 0.000000000000000e+00 0.000000000000000e+00 1.000000000000000e+00 
src volume info
valid = 1  # volume info valid
filename = nu.mgz
volume = 256 256 256
voxelsize = 1.000000000000000e+00 1.000000000000000e+00 1.000000000000000e+00
xras   = -9.999999403953552e-01 1.862645149230957e-09 0.000000000000000e+00
yras   = 3.725290298461914e-09 9.487848728895187e-09 -9.999999403953552e-01
zras   = 0.000000000000000e+00 1.000000000000000e+00 -1.111766323447227e-08
cras   = -1.711341857910156e+00 -1.386497497558594e+01 -3.440019226074219e+01
dst volume info
valid = 1  # volume info valid
filename = /home/aracena/freesurfer/average/RB_all_withskull_2020_01_02.gca
volume = 256 256 256
voxelsize = 1.000000000000000e+00 1.000000000000000e+00 1.000000000000000e+00
xras   = -1.000000000000000e+00 0.000000000000000e+00 0.000000000000000e+00
yras   = 0.000000000000000e+00 0.000000000000000e+00 -1.000000000000000e+00
zras   = 0.000000000000000e+00 1.000000000000000e+00 0.000000000000000e+00
cras   = 0.000000000000000e+00 0.000000000000000e+00 0.000000000000000e+00
